0 6 0.95000
0 8 0.70000
0 92 0.77419
0 119 0.84848
0 139 1.00000
0 141 1.00000
0 142 0.92105
1 241 0.73684
2 85 0.73684
3 50 0.74074
3 94 0.00000
4 91 0.68858
4 95 0.97674
4 96 0.94595
4 100 0.87500
4 120 0.96825
4 121 0.95181
4 126 0.72973
4 138 0.99639
4 164 0.94737
4 165 0.82353
4 194 0.75862
4 200 0.86667
4 219 0.91071
4 239 0.68116
5 6 0.99972
5 7 0.90992
5 8 1.00000
5 92 0.84211
5 131 0.76111
5 167 0.95238
5 178 0.76471
5 198 0.89474
5 217 0.85000
5 233 0.69231
6 7 0.88853
6 8 0.96888
6 92 0.90476
6 131 0.73418
6 167 0.89474
6 178 0.85000
6 198 0.85000
6 233 0.60000
7 8 0.99566
7 92 0.78261
7 97 0.75000
7 131 0.89655
7 134 0.75000
7 136 0.75000
7 167 0.87500
7 178 0.79167
7 198 0.85714
7 217 0.65217
7 220 0.90000
7 233 0.70833
7 240 0.80769
8 92 0.92857
8 131 0.86719
8 133 0.76471
8 134 0.75000
8 140 0.76471
8 167 0.88889
8 178 0.91667
8 198 0.90909
8 217 0.85000
8 220 0.87500
8 233 0.73077
49 159 0.00000
50 149 0.00000
50 159 0.90909
60 62 0.96970
60 63 0.94340
60 65 0.67213
60 66 0.65672
60 73 1.00000
60 74 0.53846
60 75 0.57416
60 76 0.57214
60 77 0.98981
60 78 0.53289
61 67 0.82022
61 70 0.67532
61 71 0.77778
61 72 0.69811
61 80 0.55556
61 82 0.75000
61 83 0.72840
62 63 0.66667
62 65 0.81250
62 66 0.68421
62 73 0.54726
62 74 0.68000
62 75 0.86000
62 76 0.69444
62 77 0.86667
62 78 0.51852
63 65 0.80000
63 66 0.60606
63 73 0.64706
63 74 0.63636
63 75 0.50000
63 76 0.60870
63 77 0.82500
63 78 0.51020
64 79 0.34203
65 66 0.60795
65 73 0.72222
65 74 0.70588
65 76 0.57143
65 77 0.51923
65 80 0.63014
66 73 0.82609
66 74 0.46429
66 75 0.50000
66 76 0.64286
66 77 0.60563
66 78 0.63636
66 80 0.67213
67 70 0.57143
67 72 0.59091
67 80 0.67742
67 82 0.57143
67 83 0.61538
68 81 0.62000
69 70 0.60265
69 71 0.53500
69 72 0.50000
69 82 0.60345
69 83 0.48276
70 71 0.82341
70 72 0.35404
70 80 0.61702
70 82 0.70477
70 83 0.33333
71 72 0.41748
71 80 0.75000
71 82 0.88546
71 83 0.26866
72 80 0.79167
72 82 0.44898
72 83 0.77619
73 74 0.70968
73 75 0.68000
73 76 0.50000
73 77 0.75000
74 75 0.99151
74 76 0.88804
74 77 0.60891
74 78 0.70703
75 76 0.83710
75 77 0.67539
75 78 0.71924
76 77 0.66010
76 78 0.92174
77 78 0.55705
80 82 0.66667
80 83 0.78571
82 83 0.40602
85 86 0.97170
85 87 0.97876
90 92 0.58442
90 97 0.61364
90 113 0.46154
90 119 0.90909
90 133 0.60000
90 134 0.36667
90 136 0.69355
90 139 0.98333
90 140 0.99145
90 141 0.91304
90 142 0.90698
90 167 1.00000
90 178 0.79167
90 198 0.71739
90 201 0.55172
90 217 0.60000
90 220 0.97183
90 240 0.76596
91 95 1.00000
91 96 0.97436
91 120 0.95122
91 121 0.92308
91 137 0.83333
91 138 0.98639
91 164 0.86957
91 165 0.73469
91 180 0.95588
91 183 0.94286
91 185 0.97826
91 191 0.83333
91 194 0.91803
91 200 0.98387
91 213 1.00000
91 219 0.80000
91 239 0.98529
92 97 0.76667
92 113 0.64912
92 117 0.62025
92 119 0.55294
92 125 0.60526
92 133 0.93023
92 134 0.79775
92 136 0.39130
92 139 0.88426
92 140 0.78621
92 141 0.94083
92 142 0.94987
92 167 0.68750
92 178 0.51786
92 197 0.77273
92 198 0.67568
92 201 0.70000
92 217 0.63043
92 220 0.40260
92 240 0.59551
92 241 0.76687
94 152 0.77778
94 159 0.68750
95 120 0.68056
95 121 0.79365
95 127 0.95833
95 137 1.00000
95 169 0.96078
95 180 0.93103
95 184 0.96923
95 194 0.91304
95 200 0.85000
95 213 0.98095
95 239 0.92308
96 97 1.00000
96 98 0.94118
96 99 1.00000
96 100 0.93689
96 101 0.97674
96 105 1.00000
96 106 0.97500
96 138 1.00000
97 98 0.94444
97 99 1.00000
97 100 0.98039
97 101 0.94444
97 105 0.94595
97 106 1.00000
97 113 0.63636
97 116 0.88889
97 133 0.68750
97 134 0.66667
97 136 0.73077
97 198 0.84615
97 201 0.97619
97 240 0.76471
97 241 0.88235
98 99 1.00000
98 100 1.00000
98 101 1.00000
98 105 1.00000
98 106 1.00000
99 100 0.98810
99 101 0.98649
99 105 0.98305
99 106 0.95652
100 101 1.00000
100 105 1.00000
100 106 1.00000
101 105 0.98214
101 106 1.00000
105 106 0.96296
105 172 0.90000
105 174 0.85714
110 111 0.58974
113 116 0.59596
113 117 0.95238
113 119 0.82609
113 133 0.56818
113 134 0.72414
113 136 0.77273
113 178 0.94595
113 197 0.75610
113 198 0.86000
113 201 0.68750
113 217 0.62500
113 233 0.87500
113 240 0.57692
113 241 0.75000
114 115 0.89247
114 117 0.71477
116 117 0.74419
116 133 0.78261
116 197 0.91304
116 198 0.95652
116 233 0.93750
117 133 0.66667
117 136 0.80488
117 139 0.90909
117 140 0.86667
117 141 0.89474
117 142 0.93103
117 167 0.91429
117 178 0.96491
117 189 0.86957
117 197 0.72000
117 198 0.77273
117 201 0.81250
117 217 0.81250
117 220 0.89474
117 240 0.87500
117 241 0.90000
118 123 0.62528
119 124 0.98131
119 125 0.90698
119 134 0.82353
119 136 0.83333
119 139 0.92920
119 140 0.92857
119 141 0.94286
119 142 0.93043
119 178 0.59259
119 198 0.74074
119 201 0.82143
119 217 0.81731
119 220 0.90476
119 240 0.96226
119 241 0.68293
120 121 0.99829
120 127 0.79186
120 137 1.00000
120 138 1.00000
120 200 1.00000
121 127 0.82915
121 137 0.98413
121 138 0.96970
121 200 1.00000
121 239 1.00000
122 216 1.00000
124 125 0.99405
124 139 0.95918
124 141 0.95833
124 142 1.00000
125 139 0.96774
125 141 0.95000
125 142 0.97143
126 138 0.95238
126 200 0.97143
127 137 1.00000
130 134 0.89286
130 201 0.71250
131 233 0.93548
133 134 0.93878
133 136 0.64000
133 140 0.95122
133 178 0.61111
133 197 0.87500
133 198 0.75862
133 201 0.63415
133 217 0.73684
133 220 0.45161
133 240 0.92593
133 241 0.86441
134 136 0.37838
134 139 0.71111
134 140 0.81633
134 141 0.83333
134 142 0.89041
134 197 0.44828
134 198 0.57895
134 201 0.46939
134 217 0.60000
134 220 0.48333
134 240 0.55263
134 241 0.60870
136 139 0.98734
136 140 0.96923
136 141 0.96552
136 142 0.95918
136 167 0.88889
136 178 0.73913
136 198 0.84848
136 201 0.55263
136 217 0.55556
136 220 0.80488
136 240 0.91429
136 241 0.65000
138 164 0.96154
138 185 1.00000
138 200 0.99361
138 219 0.89524
138 221 0.77778
138 239 0.71338
139 140 1.00000
139 141 0.99645
139 142 0.99651
139 201 0.71622
139 217 0.82400
139 220 0.75497
139 240 0.94231
140 141 0.99684
140 142 1.00000
140 167 0.82353
140 178 0.73684
140 198 0.82353
140 201 0.54167
140 217 0.96721
140 220 0.96375
140 240 0.96296
140 241 0.81081
141 142 0.99697
141 201 0.85294
141 217 0.93966
141 220 0.85859
141 240 0.86486
141 241 0.81481
142 178 0.85185
142 198 0.68966
142 201 0.74854
142 217 0.90728
142 220 0.72794
142 240 0.70423
142 241 0.75362
145 223 0.96364
149 152 0.71379
149 153 0.54639
149 154 0.65517
149 159 0.74359
149 162 0.70588
150 151 0.61690
152 153 0.55000
152 154 0.50000
152 159 0.82857
152 162 0.90476
153 154 0.70056
153 155 0.43333
153 159 0.54545
153 162 0.66667
154 155 0.56667
159 160 0.47826
159 161 0.52174
159 162 0.53226
160 161 0.52174
160 162 0.45455
161 162 0.83301
161 199 0.58621
162 199 0.51724
164 219 0.78947
165 180 0.83333
165 185 0.93750
165 194 0.82000
165 200 0.76190
165 213 0.70370
165 239 0.85714
167 168 1.00000
167 169 0.97436
167 170 1.00000
167 171 0.98438
167 172 0.98347
167 173 0.91892
167 177 0.87500
167 178 0.80672
167 182 0.94340
167 183 0.99471
167 184 1.00000
167 185 1.00000
167 186 1.00000
167 187 1.00000
167 188 0.97638
167 189 0.82394
167 197 0.69231
167 198 0.60595
168 169 0.95000
168 170 0.99091
168 171 0.99130
168 172 1.00000
168 173 1.00000
168 182 0.97917
168 183 1.00000
168 184 1.00000
168 185 1.00000
168 186 1.00000
168 187 1.00000
168 188 0.98230
168 189 1.00000
169 170 0.95000
169 171 0.95455
169 172 0.94444
169 173 0.93333
169 175 0.98571
169 182 0.92857
169 183 0.93939
169 184 1.00000
169 185 0.91176
169 186 0.95556
169 187 0.89286
169 188 0.87879
169 189 0.93023
169 196 0.98667
170 171 1.00000
170 172 1.00000
170 173 0.94737
170 182 1.00000
170 183 1.00000
170 184 1.00000
170 185 0.98496
170 186 0.68531
170 187 1.00000
170 188 1.00000
170 189 0.99405
170 195 0.97297
170 196 0.96610
171 172 1.00000
171 173 0.91892
171 182 0.92727
171 183 0.99167
171 184 1.00000
171 185 0.98387
171 186 1.00000
171 187 0.97938
171 188 0.96296
171 189 0.99390
172 173 0.95000
172 174 0.97406
172 182 0.98077
172 183 1.00000
172 184 1.00000
172 185 1.00000
172 186 1.00000
172 187 0.97368
172 188 0.98182
172 189 1.00000
173 182 1.00000
173 183 0.94444
173 184 0.97826
173 185 0.95238
173 186 0.95238
173 187 0.93750
173 188 0.93750
173 189 0.97674
174 175 0.98276
174 190 0.93913
174 191 0.97661
174 192 0.98276
175 186 0.99878
175 190 0.98529
175 191 0.98485
175 192 0.98131
175 195 0.94444
175 196 0.95887
175 238 1.00000
176 177 0.96703
176 193 0.90789
177 193 1.00000
177 197 0.96078
178 189 0.99134
178 197 0.55399
178 198 0.81718
178 217 0.88235
178 240 0.75556
178 241 0.85714
179 182 0.90909
179 192 1.00000
180 183 1.00000
180 184 0.83333
180 185 0.99750
180 191 1.00000
180 194 0.76511
180 213 0.94643
181 188 0.98413
182 183 0.95000
182 184 0.98551
182 185 0.95385
182 186 0.98462
182 187 0.94444
182 188 0.95238
182 189 0.96104
182 192 0.95349
183 184 1.00000
183 185 0.94481
183 186 1.00000
183 187 1.00000
183 188 1.00000
183 189 1.00000
183 191 0.99946
183 194 0.99369
183 213 0.84848
184 185 1.00000
184 186 1.00000
184 187 1.00000
184 188 1.00000
184 189 0.99213
185 186 1.00000
185 187 1.00000
185 188 1.00000
185 189 1.00000
185 191 0.99762
185 194 0.99350
185 200 0.96000
185 213 0.94118
186 187 1.00000
186 188 0.98810
186 189 1.00000
186 195 1.00000
186 196 0.99891
187 188 0.96739
187 189 1.00000
188 189 1.00000
189 198 0.91286
190 191 0.97101
190 192 1.00000
191 192 1.00000
191 194 0.99526
194 200 0.96296
194 213 0.93373
194 236 0.82353
194 239 0.91111
195 196 0.98995
196 238 0.97701
197 198 0.68705
197 233 0.83333
197 240 0.55172
197 241 0.63333
198 201 0.90000
198 217 0.90476
198 220 0.68182
198 233 0.77778
198 240 0.60976
198 241 0.70000
200 202 0.78947
200 219 0.87108
200 221 0.62222
200 239 0.74757
201 217 0.82069
201 220 0.84000
201 240 0.89189
201 241 0.96552
207 226 0.33333
208 209 0.68421
213 236 0.98701
213 239 0.90625
217 218 0.90476
217 220 0.98715
217 240 0.98319
217 241 0.76000
219 239 0.96000
220 240 0.93243
220 241 0.82051
240 241 0.61776
