1 2 0.92453
1 4 0.88235
1 41 0.88299
1 48 0.93750
1 51 0.87500
2 4 0.71429
2 8 0.93750
2 41 0.97015
2 44 0.93103
2 48 0.00000
2 51 0.58333
4 41 0.87500
4 48 0.90909
4 50 0.88000
4 51 0.97015
5 14 0.89583
5 15 0.95238
5 24 0.85714
5 37 0.91667
5 47 0.99798
5 75 0.72165
5 130 0.83721
5 131 0.83077
6 7 0.00000
6 9 0.83333
6 16 0.55000
6 44 0.80000
6 91 0.71429
6 116 0.00000
7 8 0.65217
7 51 0.69231
7 165 0.92857
8 44 0.95000
8 51 0.67857
9 46 0.82222
11 62 0.95455
13 19 0.90000
13 25 0.96000
13 26 1.00000
13 30 0.95000
13 58 0.93103
13 59 1.00000
13 63 1.00000
13 73 0.87500
14 15 0.99650
14 24 1.00000
14 29 0.69565
14 37 0.99627
14 40 0.89394
14 47 0.76543
14 68 0.90000
14 71 0.91765
14 75 0.99405
14 79 1.00000
14 80 0.82609
14 82 0.97183
15 22 1.00000
15 24 0.99734
15 28 0.88889
15 29 0.67347
15 37 0.94065
15 40 0.80952
15 47 0.70667
15 68 0.59524
15 71 0.86869
15 72 0.94737
15 75 0.90184
15 79 0.98299
15 80 0.80851
15 82 0.97183
15 86 0.95000
17 67 0.94815
19 25 0.75000
19 26 0.84375
19 58 0.84000
19 59 0.97183
19 63 0.83333
19 78 0.59091
20 30 1.00000
20 80 0.98901
21 22 0.88298
21 70 0.80952
22 70 0.79710
22 86 0.90476
24 29 0.71111
24 37 0.95522
24 40 0.88462
24 47 0.73171
24 68 0.72500
24 71 0.89560
24 72 0.72727
24 75 0.94536
24 79 0.95755
24 80 0.73913
24 82 0.96479
25 26 1.00000
25 30 0.96000
25 58 0.73684
25 59 1.00000
25 63 0.98387
25 73 0.89474
26 30 0.96000
26 58 0.80556
26 59 1.00000
26 63 1.00000
27 28 1.00000
27 29 0.92000
27 40 0.89474
27 68 0.79167
27 69 0.70000
27 71 0.62857
27 72 0.91667
27 88 1.00000
28 29 0.92857
28 37 0.95000
28 38 1.00000
28 72 0.85714
28 88 1.00000
29 37 0.65957
29 68 0.79167
29 72 1.00000
29 75 0.57895
29 79 0.86486
29 82 0.98571
29 88 1.00000
30 35 0.95455
30 49 0.52000
30 63 0.90625
30 73 0.98214
30 80 0.99438
31 32 0.62500
31 68 0.90909
31 76 0.90476
31 77 0.70833
31 81 0.88235
31 207 0.96875
32 33 0.64516
32 38 0.88889
32 65 0.94231
32 69 0.65385
32 77 0.64706
33 77 0.75000
34 36 0.75000
34 39 0.74286
34 80 0.78125
35 63 0.96875
35 73 0.82609
35 80 0.92045
37 38 0.94444
37 40 0.80000
37 47 0.79245
37 68 0.85714
37 71 0.77895
37 72 0.90476
37 75 0.88971
37 79 0.95331
37 82 1.00000
37 88 1.00000
38 60 0.92019
38 72 1.00000
38 88 0.95000
38 214 0.91304
40 68 0.95000
40 71 0.65385
40 72 0.94737
40 75 0.94737
40 80 0.64706
41 51 0.60526
42 91 0.94737
42 125 0.92308
44 51 0.92308
47 71 0.63333
47 75 0.85827
47 79 0.67123
47 82 0.87500
47 90 0.77778
47 130 0.50000
47 131 0.66667
47 138 0.76316
47 192 0.75000
48 51 0.90909
49 63 0.82857
49 73 0.93939
50 51 0.64706
51 165 0.82353
51 171 0.83333
51 214 0.92308
52 53 0.89286
52 55 0.93333
52 56 0.91176
53 55 0.89474
53 56 0.86207
54 56 0.92308
55 56 0.82353
58 59 0.96629
58 63 0.92593
59 63 1.00000
60 214 0.89474
62 71 0.88235
62 76 0.87097
62 93 0.63158
63 73 0.95122
63 74 0.68182
64 66 0.55000
68 71 0.60000
68 75 0.65116
68 81 0.93023
69 71 0.85714
69 77 0.85000
71 79 0.97872
71 82 0.95455
72 88 1.00000
73 74 0.92157
75 79 1.00000
75 82 0.92500
79 82 1.00000
81 131 0.95833
81 207 0.91429
86 87 0.55556
89 94 0.99200
89 95 0.96667
89 117 0.97619
89 118 0.91304
89 122 0.89583
90 130 0.93750
90 131 1.00000
91 92 0.55556
91 117 0.00000
91 119 0.74468
92 118 0.95652
92 119 0.70833
94 95 0.91339
94 117 0.55000
94 122 0.98054
95 122 0.95000
96 97 0.88889
96 124 0.95918
97 124 0.94118
99 100 0.82051
99 101 0.89189
99 102 0.75000
99 103 0.92760
99 107 0.90000
100 101 0.52941
100 103 0.83333
101 103 0.92308
102 103 0.98039
103 107 0.90698
104 125 0.79024
105 106 0.94262
105 112 0.93750
105 113 0.87097
106 112 0.95652
108 128 0.96396
108 129 0.91304
109 117 0.50000
109 132 0.90476
110 115 0.80606
110 116 0.97727
112 113 0.66667
114 136 0.76471
115 116 0.96787
115 128 0.75000
115 133 0.60000
117 122 0.90625
126 130 0.89474
130 131 0.94170
164 169 0.80952
165 214 0.92308
167 173 0.89024
168 172 0.72464
174 178 0.95738
174 180 0.86538
175 176 0.70270
178 180 0.73497
189 192 0.91549
189 193 0.91985
189 194 0.92857
192 193 0.97690
192 194 0.93939
193 194 0.92105
194 195 0.87288
203 206 0.84747
207 209 0.96078
