35 83 0.49027
35 84 0.48077
41 42 0.90909
41 87 0.46988
41 88 0.96117
42 88 0.80488
42 89 0.55072
45 95 0.78912
52 81 0.91667
83 84 0.86704
88 89 0.78571
105 109 0.93750
106 130 0.95833
107 108 0.96909
107 142 0.64047
108 142 0.70879
109 110 0.76471
111 112 0.83333
111 125 0.88889
111 137 0.88235
112 125 0.81250
112 130 0.81818
112 137 0.63158
112 141 0.93103
113 137 0.87500
114 143 0.81668
115 116 0.65979
115 144 0.81356
115 147 0.42105
116 144 0.86798
116 150 0.70588
117 145 0.32857
118 119 0.78201
118 148 0.44660
119 148 0.33217
120 149 0.90433
121 150 0.68421
122 151 0.82372
123 152 0.31655
124 126 0.73684
124 127 0.69231
124 153 0.68132
124 156 0.88095
125 132 0.94444
125 134 0.77778
125 137 0.90625
125 143 0.93333
126 127 0.67443
126 128 0.29005
126 156 0.86486
126 157 0.32987
127 128 0.32615
127 153 0.64706
127 156 0.81250
127 157 0.34608
128 157 0.82817
129 158 0.69697
131 161 0.97790
133 134 0.86957
133 162 0.58824
134 162 0.50725
134 163 0.40838
134 164 0.51724
135 136 0.68293
135 166 0.75000
136 166 0.72222
137 141 0.64706
137 143 0.62500
137 165 0.85714
138 139 0.53846
140 141 0.77419
144 147 0.75000
150 167 0.79524
153 156 0.84906
154 155 0.46271
156 157 0.73684
160 167 1.00000
162 163 0.58140
163 164 0.28571
