2 51 0.88235
2 119 0.80952
3 143 0.95238
11 18 0.64113
11 98 0.59574
11 99 0.41026
18 98 0.57426
18 99 0.49296
19 25 0.89474
22 26 0.74107
30 40 0.60714
30 85 0.96250
30 110 0.94059
30 163 0.63636
34 47 0.89944
36 51 0.80000
40 85 0.95833
40 110 0.80000
40 163 0.90000
55 163 0.89474
85 110 1.00000
96 97 0.21154
98 99 0.49296
102 121 0.60870
110 163 0.84906
114 115 0.96935
114 123 0.99979
114 124 0.94322
115 123 1.00000
116 120 0.80465
116 121 1.00000
116 122 1.00000
117 118 0.99920
117 135 1.00000
120 121 0.73128
120 122 0.75714
121 122 0.99982
123 124 0.95312
133 163 0.84211
142 143 1.00000
151 154 0.90323
154 157 0.91489
159 160 0.84211
167 168 0.98710
